012345678901234567890123 5678901234567890123456789
112345678901234567890123 5678901234567890123456789
212345678901234567890123 5678901234567890123456789
312345678901234567890123 5678901234567890123456789
412345678901234567890123 567890123456789012xyz6789
512345678901234567890123 5678901234567890123456789
612345678901234567890123 5678901234567890123456789
712345678901234567890123 5678901234567890123456789
812345678901234567890123 567890123456789---abcd789
9abcdefghijklmnopqrstuvw 5678901234567890123456789
